<?xml version="1.0" encoding="UTF-8" standalone="no" ?>
<COLLADA xmlns="http://www.collada.org/2005/11/COLLADASchema" version="1.4.1">
    <asset>
        <contributor>
            <authoring_tool>SketchUp 6.4.245</authoring_tool>
        </contributor>
        <created>2017-12-16T03:57:42Z</created>
        <modified>2017-12-16T03:57:42Z</modified>
        <unit meter="0.0254" name="inch" />
        <up_axis>Z_UP</up_axis>
    </asset>
    <library_cameras>
        <camera id="ID1" name="skp_camera_Last_Saved_SketchUp_View">
            <optics>
                <technique_common>
                    <perspective>
                        <yfov>35</yfov>
                        <aspect_ratio>0</aspect_ratio>
                        <znear>1</znear>
                        <zfar>1000</zfar>
                    </perspective>
                </technique_common>
            </optics>
        </camera>
        <camera id="ID2" name="skp_camera_Step1">
            <optics>
                <technique_common>
                    <perspective>
                        <yfov>35</yfov>
                        <aspect_ratio>0</aspect_ratio>
                        <znear>1</znear>
                        <zfar>1000</zfar>
                    </perspective>
                </technique_common>
            </optics>
        </camera>
        <camera id="ID3" name="skp_camera_Step2">
            <optics>
                <technique_common>
                    <perspective>
                        <yfov>35</yfov>
                        <aspect_ratio>0</aspect_ratio>
                        <znear>1</znear>
                        <zfar>1000</zfar>
                    </perspective>
                </technique_common>
            </optics>
        </camera>
        <camera id="ID4" name="skp_camera_Step3">
            <optics>
                <technique_common>
                    <perspective>
                        <yfov>35</yfov>
                        <aspect_ratio>0</aspect_ratio>
                        <znear>1</znear>
                        <zfar>1000</zfar>
                    </perspective>
                </technique_common>
            </optics>
        </camera>
        <camera id="ID5" name="skp_camera_Step4">
            <optics>
                <technique_common>
                    <perspective>
                        <yfov>35</yfov>
                        <aspect_ratio>0</aspect_ratio>
                        <znear>1</znear>
                        <zfar>1000</zfar>
                    </perspective>
                </technique_common>
            </optics>
        </camera>
        <camera id="ID6" name="skp_camera_Step5">
            <optics>
                <technique_common>
                    <perspective>
                        <yfov>35</yfov>
                        <aspect_ratio>0</aspect_ratio>
                        <znear>1</znear>
                        <zfar>1000</zfar>
                    </perspective>
                </technique_common>
            </optics>
        </camera>
        <camera id="ID7" name="skp_camera_Normal">
            <optics>
                <technique_common>
                    <perspective>
                        <yfov>35</yfov>
                        <aspect_ratio>0</aspect_ratio>
                        <znear>1</znear>
                        <zfar>1000</zfar>
                    </perspective>
                </technique_common>
            </optics>
        </camera>
    </library_cameras>
    <library_visual_scenes>
        <visual_scene id="ID8">
            <node name="SketchUp">
                <node name="skp_camera_Last_Saved_SketchUp_View">
                    <matrix>0.4657597 -0.1654036 0.8693155 6465.937 0.8849112 0.08705773 -0.4575512 -533.9794 -1.249001e-16 0.982376 0.1869155 1597.611 0 0 0 1</matrix>
                    <instance_camera url="#ID1" />
                </node>
                <node name="skp_camera_Step1">
                    <matrix>0.4165219 -0.04374648 -0.9080725 -7875.489 -0.9091257 -0.02004274 -0.4160394 -3185.445 -1.734723e-17 0.9988416 -0.04811928 78.74016 0 0 0 1</matrix>
                    <instance_camera url="#ID2" />
                </node>
                <node name="skp_camera_Step2">
                    <matrix>0.5836533 -0.1629829 -0.795478 -617.6112 -0.812003 -0.1171492 -0.5717756 -986.5235 2.775558e-17 0.9796492 -0.2007171 78.74016 0 0 0 1</matrix>
                    <instance_camera url="#ID3" />
                </node>
                <node name="skp_camera_Step3">
                    <matrix>0.9760258 -0.04657441 -0.2126137 1588.294 -0.2176551 -0.2088525 -0.9534185 -1668.847 6.245005e-17 0.9768375 -0.2139826 78.74016 0 0 0 1</matrix>
                    <instance_camera url="#ID4" />
                </node>
                <node name="skp_camera_Step4">
                    <matrix>0.9922655 0.01195843 -0.123556 2061.337 -0.1241334 0.09559024 -0.9876505 1388.028 4.857226e-17 0.9953489 0.09633534 78.74016 0 0 0 1</matrix>
                    <instance_camera url="#ID5" />
                </node>
                <node name="skp_camera_Step5">
                    <matrix>0.8745077 0.4507897 0.1789551 2061.337 0.4850116 -0.8128033 -0.3226678 1388.028 -4.163336e-16 0.3689708 -0.929441 78.74016 0 0 0 1</matrix>
                    <instance_camera url="#ID6" />
                </node>
                <node name="skp_camera_Normal">
                    <matrix>0.2632999 -0.1694099 0.9497228 6143.247 0.9647141 0.04623714 -0.2592084 441.4172 2.081668e-17 0.9844605 0.1756064 1377.204 0 0 0 1</matrix>
                    <instance_camera url="#ID7" />
                </node>
                <node id="ID9" name="Floor3all">
                    <matrix>0.9937122 0.1119645 1.027704e-18 833.8439 -0.1119645 0.9937122 -7.582259e-18 983.6184 -1.870185e-18 7.419517e-18 1 850 0 0 0 1</matrix>
                    <node id="ID10" name="Floor3">
                        <matrix>1 0 0 168.1102 0 1 0 168.1102 0 0 1 0 0 0 0 1</matrix>
                        <instance_geometry url="#ID213">
                            <bind_material>
                                <technique_common>
                                    <instance_material symbol="Material2" target="#ID15">
                                        <bind_vertex_input semantic="UVSET0" input_semantic="TEXCOORD" input_set="0" />
                                    </instance_material>
                                    <instance_material symbol="Material3" target="#ID217">
                                        <bind_vertex_input semantic="UVSET0" input_semantic="TEXCOORD" input_set="0" />
                                    </instance_material>
                                </technique_common>
                            </bind_material>
                        </instance_geometry>
                        <instance_geometry url="#ID221">
                            <bind_material>
                                <technique_common>
                                    <instance_material symbol="Material2" target="#ID222">
                                        <bind_vertex_input semantic="UVSET0" input_semantic="TEXCOORD" input_set="0" />
                                    </instance_material>
                                    <instance_material symbol="Material3" target="#ID227">
                                        <bind_vertex_input semantic="UVSET0" input_semantic="TEXCOORD" input_set="0" />
                                    </instance_material>
                                </technique_common>
                            </bind_material>
                        </instance_geometry>
                        <instance_geometry url="#ID231">
                            <bind_material>
                                <technique_common>
                                    <instance_material symbol="Material2" target="#ID222">
                                        <bind_vertex_input semantic="UVSET0" input_semantic="TEXCOORD" input_set="0" />
                                    </instance_material>
                                    <instance_material symbol="Material3" target="#ID227">
                                        <bind_vertex_input semantic="UVSET0" input_semantic="TEXCOORD" input_set="0" />
                                    </instance_material>
                                </technique_common>
                            </bind_material>
                        </instance_geometry>
                        <instance_geometry url="#ID237">
                            <bind_material>
                                <technique_common>
                                    <instance_material symbol="Material2" target="#ID15">
                                        <bind_vertex_input semantic="UVSET0" input_semantic="TEXCOORD" input_set="0" />
                                    </instance_material>
                                    <instance_material symbol="Material3" target="#ID47">
                                        <bind_vertex_input semantic="UVSET0" input_semantic="TEXCOORD" input_set="0" />
                                    </instance_material>
                                </technique_common>
                            </bind_material>
                        </instance_geometry>
                        <instance_geometry url="#ID243">
                            <bind_material>
                                <technique_common>
                                    <instance_material symbol="Material2" target="#ID15">
                                        <bind_vertex_input semantic="UVSET0" input_semantic="TEXCOORD" input_set="0" />
                                    </instance_material>
                                    <instance_material symbol="Material3" target="#ID20">
                                        <bind_vertex_input semantic="UVSET0" input_semantic="TEXCOORD" input_set="0" />
                                    </instance_material>
                                </technique_common>
                            </bind_material>
                        </instance_geometry>
                        <instance_geometry url="#ID249">
                            <bind_material>
                                <technique_common>
                                    <instance_material symbol="Material2" target="#ID222">
                                        <bind_vertex_input semantic="UVSET0" input_semantic="TEXCOORD" input_set="0" />
                                    </instance_material>
                                    <instance_material symbol="Material3" target="#ID227">
                                        <bind_vertex_input semantic="UVSET0" input_semantic="TEXCOORD" input_set="0" />
                                    </instance_material>
                                </technique_common>
                            </bind_material>
                        </instance_geometry>
                        <instance_geometry url="#ID255">
                            <bind_material>
                                <technique_common>
                                    <instance_material symbol="Material2" target="#ID15">
                                        <bind_vertex_input semantic="UVSET0" input_semantic="TEXCOORD" input_set="0" />
                                    </instance_material>
                                    <instance_material symbol="Material3" target="#ID217">
                                        <bind_vertex_input semantic="UVSET0" input_semantic="TEXCOORD" input_set="0" />
                                    </instance_material>
                                </technique_common>
                            </bind_material>
                        </instance_geometry>
                        <instance_geometry url="#ID261">
                            <bind_material>
                                <technique_common>
                                    <instance_material symbol="Material2" target="#ID222">
                                        <bind_vertex_input semantic="UVSET0" input_semantic="TEXCOORD" input_set="0" />
                                    </instance_material>
                                    <instance_material symbol="Material3" target="#ID227">
                                        <bind_vertex_input semantic="UVSET0" input_semantic="TEXCOORD" input_set="0" />
                                    </instance_material>
                                </technique_common>
                            </bind_material>
                        </instance_geometry>
                        <instance_geometry url="#ID267">
                            <bind_material>
                                <technique_common>
                                    <instance_material symbol="Material2" target="#ID222">
                                        <bind_vertex_input semantic="UVSET0" input_semantic="TEXCOORD" input_set="0" />
                                    </instance_material>
                                    <instance_material symbol="Material3" target="#ID227">
                                        <bind_vertex_input semantic="UVSET0" input_semantic="TEXCOORD" input_set="0" />
                                    </instance_material>
                                </technique_common>
                            </bind_material>
                        </instance_geometry>
                        <instance_geometry url="#ID273">
                            <bind_material>
                                <technique_common>
                                    <instance_material symbol="Material2" target="#ID222">
                                        <bind_vertex_input semantic="UVSET0" input_semantic="TEXCOORD" input_set="0" />
                                    </instance_material>
                                    <instance_material symbol="Material3" target="#ID227">
                                        <bind_vertex_input semantic="UVSET0" input_semantic="TEXCOORD" input_set="0" />
                                    </instance_material>
                                </technique_common>
                            </bind_material>
                        </instance_geometry>
                        <instance_geometry url="#ID279">
                            <bind_material>
                                <technique_common>
                                    <instance_material symbol="Material2" target="#ID15">
                                        <bind_vertex_input semantic="UVSET0" input_semantic="TEXCOORD" input_set="0" />
                                    </instance_material>
                                    <instance_material symbol="Material3" target="#ID217">
                                        <bind_vertex_input semantic="UVSET0" input_semantic="TEXCOORD" input_set="0" />
                                    </instance_material>
                                </technique_common>
                            </bind_material>
                        </instance_geometry>
                        <instance_geometry url="#ID285">
                            <bind_material>
                                <technique_common>
                                    <instance_material symbol="Material2" target="#ID222">
                                        <bind_vertex_input semantic="UVSET0" input_semantic="TEXCOORD" input_set="0" />
                                    </instance_material>
                                    <instance_material symbol="Material3" target="#ID227">
                                        <bind_vertex_input semantic="UVSET0" input_semantic="TEXCOORD" input_set="0" />
                                    </instance_material>
                                </technique_common>
                            </bind_material>
                        </instance_geometry>
                        <instance_geometry url="#ID291">
                            <bind_material>
                                <technique_common>
                                    <instance_material symbol="Material2" target="#ID222">
                                        <bind_vertex_input semantic="UVSET0" input_semantic="TEXCOORD" input_set="0" />
                                    </instance_material>
                                    <instance_material symbol="Material3" target="#ID295">
                                        <bind_vertex_input semantic="UVSET0" input_semantic="TEXCOORD" input_set="0" />
                                    </instance_material>
                                </technique_common>
                            </bind_material>
                        </instance_geometry>
                        <instance_geometry url="#ID299">
                            <bind_material>
                                <technique_common>
                                    <instance_material symbol="Material2" target="#ID222">
                                        <bind_vertex_input semantic="UVSET0" input_semantic="TEXCOORD" input_set="0" />
                                    </instance_material>
                                    <instance_material symbol="Material3" target="#ID227">
                                        <bind_vertex_input semantic="UVSET0" input_semantic="TEXCOORD" input_set="0" />
                                    </instance_material>
                                </technique_common>
                            </bind_material>
                        </instance_geometry>
                        <instance_geometry url="#ID305">
                            <bind_material>
                                <technique_common>
                                    <instance_material symbol="Material2" target="#ID15">
                                        <bind_vertex_input semantic="UVSET0" input_semantic="TEXCOORD" input_set="0" />
                                    </instance_material>
                                    <instance_material symbol="Material3" target="#ID217">
                                        <bind_vertex_input semantic="UVSET0" input_semantic="TEXCOORD" input_set="0" />
                                    </instance_material>
                                </technique_common>
                            </bind_material>
                        </instance_geometry>
                        <instance_geometry url="#ID311">
                            <bind_material>
                                <technique_common>
                                    <instance_material symbol="Material2" target="#ID15">
                                        <bind_vertex_input semantic="UVSET0" input_semantic="TEXCOORD" input_set="0" />
                                    </instance_material>
                                    <instance_material symbol="Material3" target="#ID20">
                                        <bind_vertex_input semantic="UVSET0" input_semantic="TEXCOORD" input_set="0" />
                                    </instance_material>
                                </technique_common>
                            </bind_material>
                        </instance_geometry>
                        <node id="ID11" name="Coffers5">
                            <matrix>0.9441555 -0.3295001 -1.870185e-18 120.6709 0.3295001 0.9441555 7.419517e-18 704.5502 -6.789861e-19 -7.621404e-18 1 53.91397 0 0 0 1</matrix>
                            <instance_node url="#ID12" />
                        </node>
                        <node id="ID186" name="Coffers5">
                            <matrix>0.8471467 -0.5313591 -1.870185e-18 189.1764 0.5313591 0.8471467 7.419517e-18 531.655 -2.358107e-18 -7.279159e-18 1 53.91397 0 0 0 1</matrix>
                            <instance_node url="#ID12" />
                        </node>
                        <node id="ID187" name="Coffers5">
                            <matrix>0.7076468 -0.7065663 -1.870185e-18 294.4417 0.7065663 0.7076468 7.419517e-18 378.3417 -3.91895e-18 -6.571807e-18 1 53.91397 0 0 0 1</matrix>
                            <instance_node url="#ID12" />
                        </node>
                        <node id="ID188" name="Coffers5">
                            <matrix>0.532653 -0.8463338 -1.870185e-18 431.1872 0.8463338 0.532653 7.419517e-18 252.3002 -5.283228e-18 -5.534829e-18 1 53.91397 0 0 0 1</matrix>
                            <instance_node url="#ID12" />
                        </node>
                        <node id="ID189" name="Coffers5">
                            <matrix>0.3309424 -0.943651 -1.870185e-18 592.5538 0.943651 0.3309424 7.419517e-18 159.8525 -6.382511e-18 -4.220235e-18 1 53.91397 0 0 0 1</matrix>
                            <instance_node url="#ID12" />
                        </node>
                        <node id="ID190" name="Coffers5">
                            <matrix>0.1126325 -0.9936367 -1.870185e-18 770.4478 0.9936367 0.1126325 7.419517e-18 105.6355 -7.161661e-18 -2.693964e-18 1 53.91397 0 0 0 1</matrix>
                            <instance_node url="#ID12" />
                        </node>
                        <node id="ID191" name="Coffers5">
                            <matrix>-0.1113267 -0.9937839 -1.870185e-18 955.9465 0.9937839 -0.1113267 7.419517e-18 92.3687 -7.581598e-18 -1.032569e-18 1 53.91397 0 0 0 1</matrix>
                            <instance_node url="#ID12" />
                        </node>
                        <node id="ID192" name="Coffers5">
                            <matrix>-0.3297021 -0.944085 -1.870185e-18 1139.746 0.944085 -0.3297021 7.419517e-18 120.7175 -7.621259e-18 6.806165e-19 1 53.91397 0 0 0 1</matrix>
                            <instance_node url="#ID12" />
                        </node>
                        <node id="ID193" name="Coffers5">
                            <matrix>-0.5315403 -0.847033 -1.870185e-18 1312.626 0.847033 -0.5315403 7.419517e-18 189.2599 -7.278655e-18 2.359664e-18 1 53.91397 0 0 0 1</matrix>
                            <instance_node url="#ID12" />
                        </node>
                        <node id="ID194" name="Coffers5">
                            <matrix>-0.7067177 -0.7074956 -1.870185e-18 1465.917 0.7074956 -0.7067177 7.419517e-18 294.5581 -6.570969e-18 3.920356e-18 1 53.91397 0 0 0 1</matrix>
                            <instance_node url="#ID12" />
                        </node>
                        <node id="ID195" name="Coffers5">
                            <matrix>-0.8464477 -0.5324719 -1.870185e-18 1591.929 0.5324719 -0.8464477 7.419517e-18 431.3305 -5.533698e-18 5.284412e-18 1 53.91397 0 0 0 1</matrix>
                            <instance_node url="#ID12" />
                        </node>
                        <node id="ID196" name="Coffers5">
                            <matrix>-0.9437217 -0.3307405 -1.870185e-18 1684.342 0.3307405 -0.9437217 7.419517e-18 592.7169 -4.21887e-18 6.383413e-18 1 53.91397 0 0 0 1</matrix>
                            <instance_node url="#ID12" />
                        </node>
                        <node id="ID197" name="Coffers5">
                            <matrix>-0.9936608 -0.11242 -1.870185e-18 1738.521 0.11242 -0.9936608 7.419517e-18 770.6225 -2.692432e-18 7.162237e-18 1 53.91397 0 0 0 1</matrix>
                            <instance_node url="#ID12" />
                        </node>
                        <node id="ID198" name="Coffers5">
                            <matrix>-0.99376 0.1115393 -1.870185e-18 1751.748 -0.1115393 -0.99376 7.419517e-18 956.124 -1.030947e-18 7.581819e-18 1 53.91397 0 0 0 1</matrix>
                            <instance_node url="#ID12" />
                        </node>
                        <node id="ID199" name="Coffers5">
                            <matrix>-0.9440145 0.329904 -1.870185e-18 1723.36 -0.329904 -0.9440145 7.419517e-18 1139.917 6.822468e-19 7.621113e-18 1 53.91397 0 0 0 1</matrix>
                            <instance_node url="#ID12" />
                        </node>
                        <node id="ID200" name="Coffers5">
                            <matrix>-0.8469192 0.5317215 -1.870185e-18 1654.781 -0.5317215 -0.8469192 7.419517e-18 1312.783 2.361221e-18 7.27815e-18 1 53.91397 0 0 0 1</matrix>
                            <instance_node url="#ID12" />
                        </node>
                        <node id="ID201" name="Coffers5">
                            <matrix>-0.7073444 0.706869 -1.870185e-18 1549.45 -0.706869 -0.7073444 7.419517e-18 1466.051 3.921762e-18 6.57013e-18 1 53.91397 0 0 0 1</matrix>
                            <instance_node url="#ID12" />
                        </node>
                        <node id="ID202" name="Coffers5">
                            <matrix>-0.5322908 0.8465616 -1.870185e-18 1412.651 -0.8465616 -0.5322908 7.419517e-18 1592.034 5.285596e-18 5.532568e-18 1 53.91397 0 0 0 1</matrix>
                            <instance_node url="#ID12" />
                        </node>
                        <node id="ID203" name="Coffers5">
                            <matrix>-0.3305387 0.9437925 -1.870185e-18 1251.244 -0.9437925 -0.3305387 7.419517e-18 1684.413 6.384316e-18 4.217504e-18 1 53.91397 0 0 0 1</matrix>
                            <instance_node url="#ID12" />
                        </node>
                        <node id="ID204" name="Coffers5">
                            <matrix>-0.1122074 0.9936848 -1.870185e-18 1073.327 -0.9936848 -0.1122074 7.419517e-18 1738.554 7.162813e-18 2.690899e-18 1 53.91397 0 0 0 1</matrix>
                            <instance_node url="#ID12" />
                        </node>
                        <node id="ID205" name="Coffers5">
                            <matrix>0.1117519 0.9937361 -1.870185e-18 887.8229 -0.9937361 0.1117519 7.419517e-18 1751.741 7.582039e-18 1.029326e-18 1 53.91397 0 0 0 1</matrix>
                            <instance_node url="#ID12" />
                        </node>
                        <node id="ID206" name="Coffers5">
                            <matrix>0.330106 0.9439439 -1.870185e-18 704.036 -0.9439439 0.330106 7.419517e-18 1723.314 7.620967e-18 -6.838771e-19 1 53.91397 0 0 0 1</matrix>
                            <instance_node url="#ID12" />
                        </node>
                        <node id="ID207" name="Coffers5">
                            <matrix>0.5319027 0.8468055 -1.870185e-18 531.1847 -0.8468055 0.5319027 7.419517e-18 1654.697 7.277644e-18 -2.362778e-18 1 53.91397 0 0 0 1</matrix>
                            <instance_node url="#ID12" />
                        </node>
                        <node id="ID208" name="Coffers5">
                            <matrix>0.7070203 0.7071932 -1.870185e-18 377.939 -0.7071932 0.7070203 7.419517e-18 1549.334 6.569291e-18 -3.923167e-18 1 53.91397 0 0 0 1</matrix>
                            <instance_node url="#ID12" />
                        </node>
                        <node id="ID209" name="Coffers5">
                            <matrix>0.8466754 0.5321097 -1.870185e-18 251.9853 -0.5321097 0.8466754 7.419517e-18 1412.507 5.531437e-18 -5.286779e-18 1 53.91397 0 0 0 1</matrix>
                            <instance_node url="#ID12" />
                        </node>
                        <node id="ID210" name="Coffers5">
                            <matrix>0.9438631 0.3303368 -1.870185e-18 159.6412 -0.3303368 0.9438631 7.419517e-18 1251.081 4.216138e-18 -6.385218e-18 1 53.91397 0 0 0 1</matrix>
                            <instance_node url="#ID12" />
                        </node>
                        <node id="ID211" name="Coffers5">
                            <matrix>0.9937088 0.1119948 -1.870185e-18 105.5384 -0.1119948 0.9937088 7.419517e-18 1073.153 2.689367e-18 -7.163388e-18 1 53.91397 0 0 0 1</matrix>
                            <instance_node url="#ID12" />
                        </node>
                        <node id="ID212" name="Coffers5">
                            <matrix>0.9937122 -0.1119645 -1.870185e-18 92.39062 0.1119645 0.9937122 7.419517e-18 887.6455 1.027704e-18 -7.582259e-18 1 53.91397 0 0 0 1</matrix>
                            <instance_node url="#ID12" />
                        </node>
                    </node>
                    <node id="ID317" name="Floor3outerflange">
                        <matrix>1 0 0 0 0 1 0 0 0 0 1 0 0 0 0 1</matrix>
                        <instance_geometry url="#ID318">
                            <bind_material>
                                <technique_common>
                                    <instance_material symbol="Material2" target="#ID222">
                                        <bind_vertex_input semantic="UVSET0" input_semantic="TEXCOORD" input_set="0" />
                                    </instance_material>
                                    <instance_material symbol="Material3" target="#ID227">
                                        <bind_vertex_input semantic="UVSET0" input_semantic="TEXCOORD" input_set="0" />
                                    </instance_material>
                                </technique_common>
                            </bind_material>
                        </instance_geometry>
                        <instance_geometry url="#ID324">
                            <bind_material>
                                <technique_common>
                                    <instance_material symbol="Material2" target="#ID222">
                                        <bind_vertex_input semantic="UVSET0" input_semantic="TEXCOORD" input_set="0" />
                                    </instance_material>
                                    <instance_material symbol="Material3" target="#ID227">
                                        <bind_vertex_input semantic="UVSET0" input_semantic="TEXCOORD" input_set="0" />
                                    </instance_material>
                                </technique_common>
                            </bind_material>
                        </instance_geometry>
                        <instance_geometry url="#ID330">
                            <bind_material>
                                <technique_common>
                                    <instance_material symbol="Material2" target="#ID222">
                                        <bind_vertex_input semantic="UVSET0" input_semantic="TEXCOORD" input_set="0" />
                                    </instance_material>
                                    <instance_material symbol="Material3" target="#ID227">
                                        <bind_vertex_input semantic="UVSET0" input_semantic="TEXCOORD" input_set="0" />
                                    </instance_material>
                                </technique_common>
                            </bind_material>
                        </instance_geometry>
                        <instance_geometry url="#ID336">
                            <bind_material>
                                <technique_common>
                                    <instance_material symbol="Material2" target="#ID222">
                                        <bind_vertex_input semantic="UVSET0" input_semantic="TEXCOORD" input_set="0" />
                                    </instance_material>
                                    <instance_material symbol="Material3" target="#ID227">
                                        <bind_vertex_input semantic="UVSET0" input_semantic="TEXCOORD" input_set="0" />
                                    </instance_material>
                                </technique_common>
                            </bind_material>
                        </instance_geometry>
                    </node>
                    <node id="ID342" name="Floor3sidejut">
                        <matrix>0.9937122 -0.1119645 -1.447885e-18 708.4837 0.1119645 0.9937122 5.744142e-18 2062.038 1.027704e-18 -7.582259e-18 0.7741935 -2.273737e-13 0 0 0 1</matrix>
                        <instance_geometry url="#ID343">
                            <bind_material>
                                <technique_common>
                                    <instance_material symbol="Material2" target="#ID227">
                                        <bind_vertex_input semantic="UVSET0" input_semantic="TEXCOORD" input_set="0" />
                                    </instance_material>
                                </technique_common>
                            </bind_material>
                        </instance_geometry>
                    </node>
                </node>
                <node id="ID349" name="Floor1all">
                    <matrix>1 0 0 991.5694 0 1 0 789.1589 0 0 1 -6.338558e-14 0 0 0 1</matrix>
                    <node id="ID350" name="Floor1walls">
                        <matrix>1 0 0 0 0 1 0 -690.1682 0 0 1 0 0 0 0 1</matrix>
                        <instance_geometry url="#ID516">
                            <bind_material>
                                <technique_common>
                                    <instance_material symbol="Material2" target="#ID227">
                                        <bind_vertex_input semantic="UVSET0" input_semantic="TEXCOORD" input_set="0" />
                                    </instance_material>
                                    <instance_material symbol="Material3" target="#ID356">
                                        <bind_vertex_input semantic="UVSET0" input_semantic="TEXCOORD" input_set="0" />
                                    </instance_material>
                                </technique_common>
                            </bind_material>
                        </instance_geometry>
                        <instance_geometry url="#ID522">
                            <bind_material>
                                <technique_common>
                                    <instance_material symbol="Material2" target="#ID356">
                                        <bind_vertex_input semantic="UVSET0" input_semantic="TEXCOORD" input_set="0" />
                                    </instance_material>
                                </technique_common>
                            </bind_material>
                        </instance_geometry>
                        <instance_geometry url="#ID528">
                            <bind_material>
                                <technique_common>
                                    <instance_material symbol="Material2" target="#ID529">
                                        <bind_vertex_input semantic="UVSET0" input_semantic="TEXCOORD" input_set="0" />
                                    </instance_material>
                                </technique_common>
                            </bind_material>
                        </instance_geometry>
                        <instance_geometry url="#ID541">
                            <bind_material>
                                <technique_common>
                                    <instance_material symbol="Material2" target="#ID529">
                                        <bind_vertex_input semantic="UVSET0" input_semantic="TEXCOORD" input_set="0" />
                                    </instance_material>
                                </technique_common>
                            </bind_material>
                        </instance_geometry>
                        <instance_geometry url="#ID549">
                            <bind_material>
                                <technique_common>
                                    <instance_material symbol="Material2" target="#ID15">
                                        <bind_vertex_input semantic="UVSET0" input_semantic="TEXCOORD" input_set="0" />
                                    </instance_material>
                                    <instance_material symbol="Material3" target="#ID356">
                                        <bind_vertex_input semantic="UVSET0" input_semantic="TEXCOORD" input_set="0" />
                                    </instance_material>
                                </technique_common>
                            </bind_material>
                        </instance_geometry>
                        <instance_geometry url="#ID555">
                            <bind_material>
                                <technique_common>
                                    <instance_material symbol="Material2" target="#ID227">
                                        <bind_vertex_input semantic="UVSET0" input_semantic="TEXCOORD" input_set="0" />
                                    </instance_material>
                                    <instance_material symbol="Material3" target="#ID356">
                                        <bind_vertex_input semantic="UVSET0" input_semantic="TEXCOORD" input_set="0" />
                                    </instance_material>
                                </technique_common>
                            </bind_material>
                        </instance_geometry>
                        <instance_geometry url="#ID561">
                            <bind_material>
                                <technique_common>
                                    <instance_material symbol="Material2" target="#ID356">
                                        <bind_vertex_input semantic="UVSET0" input_semantic="TEXCOORD" input_set="0" />
                                    </instance_material>
                                </technique_common>
                            </bind_material>
                        </instance_geometry>
                        <instance_geometry url="#ID567">
                            <bind_material>
                                <technique_common>
                                    <instance_material symbol="Material2" target="#ID356">
                                        <bind_vertex_input semantic="UVSET0" input_semantic="TEXCOORD" input_set="0" />
                                    </instance_material>
                                </technique_common>
                            </bind_material>
                        </instance_geometry>
                        <instance_geometry url="#ID573">
                            <bind_material>
                                <technique_common>
                                    <instance_material symbol="Material2" target="#ID574">
                                        <bind_vertex_input semantic="UVSET0" input_semantic="TEXCOORD" input_set="0" />
                                    </instance_material>
                                </technique_common>
                            </bind_material>
                        </instance_geometry>
                        <instance_geometry url="#ID579">
                            <bind_material>
                                <technique_common>
                                    <instance_material symbol="Material2" target="#ID574">
                                        <bind_vertex_input semantic="UVSET0" input_semantic="TEXCOORD" input_set="0" />
                                    </instance_material>
                                    <instance_material symbol="Material3" target="#ID582">
                                        <bind_vertex_input semantic="UVSET0" input_semantic="TEXCOORD" input_set="0" />
                                    </instance_material>
                                </technique_common>
                            </bind_material>
                        </instance_geometry>
                        <instance_geometry url="#ID585">
                            <bind_material>
                                <technique_common>
                                    <instance_material symbol="Material2" target="#ID574">
